beta and vs or: [ 0.11601896  0.53124725  0.53124725 -1.12376802]
transformed X and vs or: [[ 1.  0.  0.  0.]
 [ 1.  0.  4.  0.]
 [ 1.  4.  0.  0.]
 [ 1.  4.  4.  4.]
 [ 1.  0.  0.  0.]
 [ 1.  0.  4.  4.]
 [ 1.  4.  0.  4.]
 [ 1.  4.  4.  4.]]
Predicted: [1, 1, 1, 0, 1, 0, 0, 0]; Expected: [ 1.  1.  1.  1.  0.  0.  0.  0.]
beta and vs xor: [ 0.0795093   0.09251593  0.09251593 -0.29707532]
transformed X and vs xor: [[ 1.          0.          0.          0.        ]
 [ 1.          0.          4.          0.        ]
 [ 1.          4.          0.          0.        ]
 [ 1.          4.          4.          4.26666667]
 [ 1.          0.          0.          0.        ]
 [ 1.          0.          4.          4.26666667]
 [ 1.          4.          0.          4.26666667]
 [ 1.          4.          4.          0.        ]]
Predicted: [1, 1, 1, 0, 1, 0, 0, 1]; Expected: [ 1.  1.  1.  1.  0.  0.  0.  0.]
beta or vs xor: [-0.18989504 -0.115224   -0.115224    0.26844163]
transformed X or vs xor: [[ 1.          0.          0.          0.        ]
 [ 1.          0.          4.          4.26666667]
 [ 1.          4.          0.          4.26666667]
 [ 1.          4.          4.          4.26666667]
 [ 1.          0.          0.          0.        ]
 [ 1.          0.          4.          4.26666667]
 [ 1.          4.          0.          4.26666667]
 [ 1.          4.          4.          0.        ]]
Predicted: [0, 1, 1, 1, 0, 1, 1, 0]; Expected: [ 1.  1.  1.  1.  0.  0.  0.  0.]
